19
ah00_e.def 101111111111111111111111111111111111111111111111 010000000000000000000000000000000000000000000000 011111111 011111111 34 0 3 0
ah01_e.def 101111111111111111111111111111111111111111111111 010000000000000000000000000000000000000000000000 011111111 011111111 34 1 3 0
ah02_e.def 101111111111111111111111111111111111111111111111 010000000000000000000000000000000000000000000000 011111111 011111111 34 2 3 0
ah03_e.def 101111111111111111111111111111111111111111111111 010000000000000000000000000000000000000000000000 011111111 011111111 34 3 3 0
ah04_e.def 101111111111111111111111111111111111111111111111 010000000000000000000000000000000000000000000000 011111111 011111111 34 4 3 0
ah05_e.def 101111111111111111111111111111111111111111111111 010000000000000000000000000000000000000000000000 011111111 011111111 34 5 3 0
ah06_e.def 101111111111111111111111111111111111111111111111 010000000000000000000000000000000000000000000000 011111111 011111111 34 6 3 0
ah07_e.def 101111111111111111111111111111111111111111111111 010000000000000000000000000000000000000000000000 011111111 011111111 34 7 3 0
ah08_e.def 101111111111111111111111111111111111111111111111 010000000000000000000000000000000000000000000000 011111111 011111111 34 8 3 0
ah09_e.def 101111111111111111111111111111111111111111111111 010000000000000000000000000000000000000000000000 011111111 011111111 34 9 3 0
ah10_e.def 101111111111111111111111111111111111111111111111 010000000000000000000000000000000000000000000000 011111111 011111111 34 10 3 0
ah11_e.def 101111111111111111111111111111111111111111111111 010000000000000000000000000000000000000000000000 011111111 011111111 34 11 3 0
ah12_e.def 101111111111111111111111111111111111111111111111 010000000000000000000000000000000000000000000000 011111111 011111111 34 12 3 0
ah13_e.def 101111111111111111111111111111111111111111111111 010000000000000000000000000000000000000000000000 011111111 011111111 34 13 3 0
ah14_e.def 101111111111111111111111111111111111111111111111 010000000000000000000000000000000000000000000000 011111111 011111111 34 14 3 0
ah15_e.def 101111111111111111111111111111111111111111111111 010000000000000000000000000000000000000000000000 011111111 011111111 34 15 3 0
ah16_e.def 101111111111111111111111111111111111111111111111 010000000000000000000000000000000000000000000000 011111111 011111111 34 16 3 0
ah17_e.def 101111111111111111111111111111111111111111111111 010000000000000000000000000000000000000000000000 011111111 011111111 34 17 3 0
ahrandom.def 101111111111111111111111111111111111111111111111 010000000000000000000000000000000000000000000000 011111111 011111111 70 0 3 0
